REC(54,152,11)
REC(55,152,11)
REC(56,152,11)
REC(57,152,11)
REC(58,152,11)
REC(59,152,11)
REC(60,152,11)
REC(61,152,11)
REC(62,152,11)
REC(63,152,11)
REC(64,152,11)
REC(65,152,11)
REC(66,152,11)
REC(67,152,11)
REC(68,152,11)
REC(69,152,11)
REC(70,152,11)
REC(71,152,11)
REC(72,152,11)
REC(73,152,11)
REC(74,152,11)
REC(75,152,11)
REC(76,152,11)
REC(77,152,11)
REC(78,152,11)
REC(79,152,11)
REC(80,152,11)
REC(81,152,11)
REC(82,152,11)
REC(83,152,11)
REC(84,152,11)
REC(85,152,11)
REC(86,152,11)
REC(87,152,11)
REC(88,152,11)
REC(89,152,11)
REC(90,152,11)
REC(91,152,11)
REC(92,152,11)
REC(93,152,11)
REC(94,152,11)
REC(95,152,11)
REC(96,152,11)
REC(97,152,11)
REC(98,152,11)
REC(99,152,11)
REC(100,152,11)
REC(101,152,11)
REC(102,152,11)
REC(103,152,11)
REC(104,152,11)
REC(54,151,11)
REC(55,151,11)
REC(56,151,11)
REC(57,151,11)
REC(58,151,11)
REC(59,151,11)
REC(60,151,11)
REC(61,151,11)
REC(62,151,11)
REC(63,151,11)
REC(64,151,11)
REC(65,151,11)
REC(66,151,11)
REC(67,151,11)
REC(68,151,11)
REC(69,151,11)
REC(70,151,11)
REC(71,151,11)
REC(72,151,11)
REC(73,151,11)
REC(74,151,11)
REC(75,151,11)
REC(76,151,11)
REC(77,151,11)
REC(78,151,11)
REC(79,151,11)
REC(80,151,11)
REC(81,151,11)
REC(82,151,11)
REC(83,151,11)
REC(84,151,11)
REC(85,151,11)
REC(86,151,11)
REC(87,151,11)
REC(88,151,11)
REC(89,151,11)
REC(90,151,11)
REC(91,151,11)
REC(92,151,11)
REC(93,151,11)
REC(94,151,11)
REC(95,151,11)
REC(96,151,11)
REC(97,151,11)
REC(98,151,11)
REC(99,151,11)
REC(100,151,11)
REC(101,151,11)
REC(102,151,11)
REC(103,151,11)
REC(104,151,11)
REC(77,139,11)
REC(78,139,11)
REC(99,139,11)
REC(103,139,11)
REC(77,138,11)
REC(78,138,11)
REC(99,138,11)
REC(103,138,11)
REC(77,137,11)
REC(78,137,11)
REC(99,137,11)
REC(103,137,11)
REC(77,136,11)
REC(78,136,11)
REC(99,136,11)
REC(103,136,11)
REC(77,135,11)
REC(78,135,11)
REC(99,135,11)
REC(103,135,11)
REC(77,134,11)
REC(78,134,11)
REC(99,134,11)
REC(103,134,11)
REC(77,133,11)
REC(78,133,11)
REC(99,133,11)
REC(103,133,11)
REC(77,132,11)
REC(78,132,11)
REC(99,132,11)
REC(103,132,11)
REC(77,131,11)
REC(78,131,11)
REC(99,131,11)
REC(103,131,11)
REC(81,124,11)
REC(82,124,11)
REC(83,124,11)
REC(84,124,11)
REC(85,124,11)
REC(86,124,11)
REC(87,124,11)
REC(88,124,11)
REC(89,124,11)
REC(94,124,11)
REC(95,124,11)
REC(96,124,11)
REC(97,124,11)
REC(98,124,11)
REC(99,124,11)
REC(100,124,11)
REC(101,124,11)
REC(102,124,11)
REC(103,124,11)
REC(81,123,11)
REC(82,123,11)
REC(83,123,11)
REC(84,123,11)
REC(85,123,11)
REC(86,123,11)
REC(87,123,11)
REC(88,123,11)
REC(89,123,11)
REC(94,123,11)
REC(95,123,11)
REC(96,123,11)
REC(97,123,11)
REC(98,123,11)
REC(99,123,11)
REC(100,123,11)
REC(101,123,11)
REC(102,123,11)
REC(103,123,11)
REC(81,122,11)
REC(82,122,11)
REC(83,122,11)
REC(84,122,11)
REC(85,122,11)
REC(86,122,11)
REC(87,122,11)
REC(88,122,11)
REC(89,122,11)
REC(94,122,11)
REC(95,122,11)
REC(96,122,11)
REC(97,122,11)
REC(98,122,11)
REC(99,122,11)
REC(100,122,11)
REC(101,122,11)
REC(102,122,11)
REC(103,122,11)
REC(81,121,11)
REC(82,121,11)
REC(83,121,11)
REC(84,121,11)
REC(85,121,11)
REC(86,121,11)
REC(87,121,11)
REC(88,121,11)
REC(89,121,11)
REC(94,121,11)
REC(95,121,11)
REC(96,121,11)
REC(97,121,11)
REC(98,121,11)
REC(99,121,11)
REC(100,121,11)
REC(101,121,11)
REC(102,121,11)
REC(103,121,11)
REC(81,120,11)
REC(82,120,11)
REC(83,120,11)
REC(84,120,11)
REC(85,120,11)
REC(86,120,11)
REC(87,120,11)
REC(88,120,11)
REC(89,120,11)
REC(94,120,11)
REC(95,120,11)
REC(96,120,11)
REC(97,120,11)
REC(98,120,11)
REC(99,120,11)
REC(100,120,11)
REC(101,120,11)
REC(102,120,11)
REC(103,120,11)
REC(90,119,11)
REC(94,119,11)
REC(90,118,11)
REC(94,118,11)
REC(90,117,11)
REC(94,117,11)
REC(99,116,11)
REC(100,116,11)
REC(101,116,11)
REC(102,116,11)
REC(99,115,11)
REC(100,115,11)
REC(101,115,11)
REC(102,115,11)
REC(99,114,11)
REC(100,114,11)
REC(101,114,11)
REC(102,114,11)
REC(99,113,11)
REC(100,113,11)
REC(101,113,11)
REC(102,113,11)
REC(99,112,11)
REC(100,112,11)
REC(101,112,11)
REC(102,112,11)
REC(99,111,11)
REC(100,111,11)
REC(101,111,11)
REC(102,111,11)
REC(99,110,11)
REC(100,110,11)
REC(101,110,11)
REC(102,110,11)
REC(99,109,11)
REC(100,109,11)
REC(101,109,11)
REC(102,109,11)
REC(99,108,11)
REC(100,108,11)
REC(101,108,11)
REC(102,108,11)
REC(81,107,11)
REC(82,107,11)
REC(83,107,11)
REC(84,107,11)
REC(85,107,11)
REC(86,107,11)
REC(87,107,11)
REC(88,107,11)
REC(89,107,11)
REC(90,107,11)
REC(91,107,11)
REC(92,107,11)
REC(93,107,11)
REC(94,107,11)
REC(95,107,11)
REC(96,107,11)
REC(97,107,11)
REC(98,107,11)
REC(99,107,11)
REC(100,107,11)
REC(101,107,11)
REC(102,107,11)
REC(81,106,11)
REC(82,106,11)
REC(83,106,11)
REC(84,106,11)
REC(85,106,11)
REC(86,106,11)
REC(87,106,11)
REC(88,106,11)
REC(89,106,11)
REC(90,106,11)
REC(91,106,11)
REC(92,106,11)
REC(93,106,11)
REC(94,106,11)
REC(95,106,11)
REC(96,106,11)
REC(97,106,11)
REC(98,106,11)
REC(99,106,11)
REC(100,106,11)
REC(101,106,11)
REC(102,106,11)
REC(81,105,11)
REC(82,105,11)
REC(83,105,11)
REC(84,105,11)
REC(85,105,11)
REC(86,105,11)
REC(87,105,11)
REC(88,105,11)
REC(89,105,11)
REC(90,105,11)
REC(91,105,11)
REC(92,105,11)
REC(93,105,11)
REC(94,105,11)
REC(95,105,11)
REC(96,105,11)
REC(97,105,11)
REC(98,105,11)
REC(99,105,11)
REC(100,105,11)
REC(101,105,11)
REC(102,105,11)
REC(81,104,11)
REC(82,104,11)
REC(83,104,11)
REC(84,104,11)
REC(85,104,11)
REC(86,104,11)
REC(87,104,11)
REC(88,104,11)
REC(89,104,11)
REC(90,104,11)
REC(91,104,11)
REC(92,104,11)
REC(93,104,11)
REC(94,104,11)
REC(95,104,11)
REC(96,104,11)
REC(97,104,11)
REC(98,104,11)
REC(99,104,11)
REC(100,104,11)
REC(101,104,11)
REC(102,104,11)
REC(81,103,11)
REC(82,103,11)
REC(83,103,11)
REC(84,103,11)
REC(85,103,11)
REC(86,103,11)
REC(87,103,11)
REC(88,103,11)
REC(89,103,11)
REC(90,103,11)
REC(91,103,11)
REC(92,103,11)
REC(93,103,11)
REC(94,103,11)
REC(95,103,11)
REC(96,103,11)
REC(97,103,11)
REC(98,103,11)
REC(99,103,11)
REC(100,103,11)
REC(101,103,11)
REC(102,103,11)
REC(81,102,11)
REC(82,102,11)
REC(83,102,11)
REC(84,102,11)
REC(85,102,11)
REC(86,102,11)
REC(87,102,11)
REC(88,102,11)
REC(89,102,11)
REC(90,102,11)
REC(91,102,11)
REC(92,102,11)
REC(93,102,11)
REC(94,102,11)
REC(95,102,11)
REC(96,102,11)
REC(97,102,11)
REC(98,102,11)
REC(99,102,11)
REC(100,102,11)
REC(101,102,11)
REC(102,102,11)
